N additum

N omissum

INDICES.

1111111 894
dedicata 1964
111111 949
eiusde 766
11111111111111 980
1311111 894
111111111501 894
liberalitate 1175
1111 848
1111111111 947
matrice 957
memoria 70. 1944. 985
11111111 699
1111(1)1111 995
morte 1054
11111111 896
Namphamina 948
Numidam 498
11111 766

pane 498
praeterita 1096
’111111 896

sale 498

Rapidu 1150
Romana 819
sacroru 848

11111 856
81111111 896
statua 1964
111111 1069

11 1069
gemtilibus 759
Leomtius 759
111111(111111) 61
111111111111 1179
coniunx 410 (cam). 1981
1111111111 454
11111111 508
Β1111111 601
Β111111 454

, 0111111111 1099

*0111111111 1119
111[111111] 1079. 1113
impesa 1016

inpesa 403
11111111111 1999
libes 870

Μ111111 963

menibus 165. 1395
mesor 374. 376. 577
1111111111 1159
1111111111] Ι). LXXIV
1111111 165

1111111 1961

709

-ῳ-ῌ--α

 

